=== Summary Statistics for ANPP and Root Variables ===
Analysis run on: 2025-10-12 15:24:05 

=== Means and SE by Site ===
 Site plot_mean_ANPP_mean plot_mean_ANPP_SE Root_mass_Can_gm2_mean Root_mass_Can_gm2_SE Root_mass_IC_gm2_mean Root_mass_IC_gm2_SE
  ANT            53.15537          8.242581               345.3364             79.50946              104.5687            15.22773
  ARB            85.74343          8.246184               407.6925             56.33928              205.6002            25.68672
   BC            31.68208          5.930639               323.2756             44.95541              241.8897            29.94850
   BP            47.61234          4.487895               448.9256             84.28890              114.7432            28.94220
   CC           168.37902          9.517518               453.4737             97.55973              422.3867           100.44957
 Root_mass_total_gm2_mean Root_mass_total_gm2_SE root_to_ANPP_mean root_to_ANPP_SE plot_mean_Cover_mean plot_mean_Cover_SE
                 142.4359               17.32556          3.875388       0.8007995             18.90500           3.630208
                 283.0612               35.84110          3.398386       0.3234561             36.27625           3.282747
                 271.1258               28.27846         13.152182       2.2523197             17.14750           3.393665
                 148.9151               29.20878          3.400614       0.8322459             10.08542           1.091806
                 446.8050               85.75490          2.639009       0.5185099             69.14792           3.429989


=== Means and SE by Treatment ===
 Treatment plot_mean_ANPP_mean plot_mean_ANPP_SE Root_mass_Can_gm2_mean Root_mass_Can_gm2_SE Root_mass_IC_gm2_mean Root_mass_IC_gm2_SE
       Add            96.46394          11.83064               386.4388             50.74138              248.5836            67.05343
      Ctrl            82.87993          12.08292               464.1024             65.70684              265.5512            44.36868
       Exl            52.59947          11.62019               333.8114             50.13845              146.9138            19.57473
 Root_mass_total_gm2_mean Root_mass_total_gm2_SE root_to_ANPP_mean root_to_ANPP_SE plot_mean_Cover_mean plot_mean_Cover_SE
                 254.5677               34.72072          2.901340       0.4876853             37.09750           4.584963
                 335.9794               48.21976          5.972904       1.3279907             33.30325           5.813994
                 170.8957               31.81282          6.413658       1.4479024             20.53650           5.032619


=== Means and SE by Site × Treatment ===
 Site Treatment plot_mean_ANPP_mean plot_mean_ANPP_SE Root_mass_Can_gm2_mean Root_mass_Can_gm2_SE Root_mass_IC_gm2_mean Root_mass_IC_gm2_SE
  ANT       Add            78.38483         10.127760               421.7739            172.29514              96.66235           25.920519
  ANT      Ctrl            61.40920          4.037277               196.3909             69.93190             135.61961           31.466977
  ANT       Exl            19.67208          4.458302               380.6080            133.82865              79.44762           15.878354
  ARB       Add           105.10631          2.527660               428.7118            118.59698             232.49634           56.007376
  ARB      Ctrl           102.52459          9.163322               506.2950             82.44068             231.41798           49.422404
  ARB       Exl            49.59938          1.825513               288.0707             76.78327             152.88632           16.997352
   BC       Add            48.49749          5.272835               422.6379             76.10513             230.06678           15.080424
   BC      Ctrl            32.76352         12.472790               348.3872             96.82170             289.70771           77.032256
   BC       Exl            13.78523          1.454538               223.6421             16.36861             202.93896           29.515553
   BP       Add            60.81400          4.217788               392.1516            135.07124              98.85804           38.555612
   BP      Ctrl            49.08407          7.638693               611.7726            187.15152             199.60645           60.026065
   BP       Exl            32.93895          3.850680               342.8525            105.90668              45.76520            7.335284
   CC       Add           189.51707          8.181087               275.9684             55.40106             542.22511          259.658971
   CC      Ctrl           168.61826         18.933055               590.7382            183.88929             471.40435          166.082793
   CC       Exl           147.00173         16.423652               533.9555            315.94557             253.53079           29.881566
 Root_mass_total_gm2_mean Root_mass_total_gm2_SE root_to_ANPP_mean root_to_ANPP_SE plot_mean_Cover_mean plot_mean_Cover_SE
                169.81353              43.175068          1.974905       0.3676540             29.67625          7.1888152
                163.65065              26.315126          2.882192       0.6702374             20.16750          1.9719475
                105.99150              15.178773          6.045647       1.3408314              6.87125          1.3856066
                323.62125              82.362183          3.057449       0.7642202             44.53625          1.6328456
                345.51177              43.520554          3.497300       0.6883076             42.36125          3.1655472
                180.05066               8.210234          3.640409       0.1775683             21.93125          1.4750839
                303.59330               1.214765          7.358100       0.2530490             28.83750          3.0387453
                321.26196              52.679965         13.481632       4.3818855             16.80000          5.3548751
                204.75599              27.207070         15.719772       3.3176153              5.80500          0.5491243
                133.90508              37.790470          2.267526       0.7027687             13.28750          1.4932313
                248.34052              46.476222          5.882756       1.9760886             10.56250          1.6789909
                 64.49971               7.139051          2.051559       0.3631344              6.40625          0.2407400
                345.22980              82.477114          1.845489       0.4428754             69.15000          2.9852764
                558.04989             180.459762          3.347961       0.9659558             76.62500          7.1685148
                427.46544             221.261247          2.808143       1.7406683             61.66875          5.6419871


